778  16
0.819298  0.000000  0.000000  0.000000  0.000000  0.000000  0.000000  0.000000  0.000000  0.000000  0.000000  0.000000  0.000000  0.180666  0.000037  0.000000  
0.551194  0.000000  0.000000  0.000000  0.000000  0.000000  0.000000  0.000000  0.000000  0.000000  0.000000  0.000000  0.000000  0.448806  0.000000  0.000000  
0.381239  0.000000  0.000000  0.000000  0.000000  0.000000  0.000000  0.000000  0.000000  0.000000  0.000000  0.000000  0.000000  0.612507  0.006254  0.000000  
0.716039  0.000000  0.000000  0.000000  0.000000  0.000000  0.000000  0.000000  0.000000  0.000000  0.000000  0.000000  0.000000  0.273348  0.010613  0.000000  
0.108765  0.000000  0.000000  0.000000  0.000000  0.000000  0.000000  0.000000  0.000000  0.000000  0.000000  0.000000  0.000000  0.891235  0.000000  0.000000  
0.209986  0.000000  0.000000  0.000000  0.000000  0.000000  0.000000  0.000000  0.000000  0.000000  0.000000  0.000000  0.000000  0.787299  0.002714  0.000000  
0.061594  0.000000  0.000000  0.000000  0.000000  0.000000  0.000000  0.000000  0.000000  0.000000  0.000000  0.000000  0.000000  0.836784  0.101622  0.000000  
0.013515  0.000000  0.000000  0.000000  0.000000  0.000000  0.000000  0.000000  0.000000  0.000000  0.000000  0.000000  0.000000  0.925287  0.060811  0.000387  
0.589095  0.000000  0.000000  0.000000  0.000000  0.000000  0.000000  0.000000  0.000000  0.000000  0.000000  0.000000  0.000000  0.327054  0.083851  0.000000  
0.316065  0.000000  0.000000  0.000000  0.000000  0.000000  0.000000  0.000000  0.000000  0.000000  0.000000  0.000000  0.000000  0.617051  0.066884  0.000000  
0.414332  0.000000  0.000000  0.000000  0.000000  0.000000  0.000000  0.000000  0.000000  0.000000  0.000000  0.000000  0.000000  0.281847  0.303821  0.000000  
0.748987  0.000753  0.000000  0.000000  0.000000  0.000000  0.000000  0.000000  0.000000  0.000000  0.000000  0.000000  0.000000  0.185899  0.064361  0.000000  
0.815513  0.001046  0.000000  0.000000  0.000000  0.000000  0.000000  0.000000  0.000000  0.000000  0.000000  0.000000  0.000000  0.150082  0.033359  0.000000  
0.852537  0.030726  0.000000  0.000000  0.000000  0.000000  0.000000  0.000000  0.000000  0.000000  0.000000  0.000000  0.000000  0.107023  0.009714  0.000000  
0.746730  0.000187  0.000000  0.000000  0.000000  0.000000  0.000000  0.000000  0.000000  0.000000  0.000000  0.000000  0.000000  0.185625  0.067458  0.000000  
0.864193  0.033673  0.000000  0.000000  0.000000  0.000000  0.000000  0.000000  0.000000  0.000000  0.000000  0.000000  0.000000  0.092684  0.009450  0.000000  
0.975684  0.000000  0.000000  0.000000  0.000024  0.000000  0.000000  0.000000  0.000000  0.000000  0.000016  0.000000  0.000000  0.024277  0.000000  0.000000  
0.997614  0.000000  0.000000  0.000000  0.000233  0.000000  0.000000  0.000000  0.000000  0.000000  0.000802  0.000000  0.000000  0.001350  0.000000  0.000000  
0.972736  0.000000  0.000000  0.000000  0.011853  0.000000  0.000000  0.000000  0.000000  0.000000  0.014739  0.000000  0.000000  0.000672  0.000000  0.000000  
0.968450  0.008938  0.000000  0.000000  0.009119  0.000000  0.000000  0.000000  0.000000  0.000000  0.002376  0.000000  0.000000  0.011117  0.000000  0.000000  
0.981159  0.000000  0.000000  0.000000  0.000173  0.000000  0.000000  0.000310  0.000000  0.000000  0.018358  0.000000  0.000000  0.000000  0.000000  0.000000  
0.968986  0.000000  0.000000  0.000000  0.005260  0.000000  0.000000  0.000000  0.000000  0.000000  0.025754  0.000000  0.000000  0.000000  0.000000  0.000000  
0.998842  0.000000  0.000000  0.000000  0.000012  0.000000  0.000000  0.000000  0.000000  0.000000  0.001146  0.000000  0.000000  0.000000  0.000000  0.000000  
0.999398  0.000000  0.000000  0.000000  0.000000  0.000000  0.000000  0.000000  0.000000  0.000000  0.000602  0.000000  0.000000  0.000000  0.000000  0.000000  
0.973609  0.000000  0.000000  0.000000  0.000000  0.000000  0.000000  0.000000  0.000000  0.000000  0.000000  0.000000  0.000000  0.026391  0.000000  0.000000  
0.902493  0.000000  0.000000  0.000000  0.000000  0.000000  0.000000  0.000000  0.000000  0.000000  0.000000  0.000000  0.000000  0.097507  0.000000  0.000000  
0.760698  0.000000  0.000000  0.000000  0.000000  0.000000  0.000000  0.000000  0.000000  0.000000  0.000000  0.000000  0.000000  0.239302  0.000000  0.000000  
0.917750  0.000000  0.000000  0.000000  0.000000  0.000000  0.000000  0.000000  0.000000  0.000000  0.000000  0.000000  0.000000  0.082250  0.000000  0.000000  
0.107939  0.000000  0.000000  0.000000  0.000000  0.000000  0.000000  0.000000  0.000000  0.000000  0.000000  0.000000  0.000000  0.159583  0.732164  0.000314  
0.393103  0.000000  0.000000  0.000000  0.000000  0.000000  0.000000  0.000000  0.000000  0.000000  0.000000  0.000000  0.000000  0.279588  0.327160  0.000149  
0.407556  0.000000  0.000000  0.000000  0.000000  0.000000  0.000000  0.000000  0.000000  0.000000  0.000000  0.000000  0.000000  0.265706  0.326738  0.000000  
0.104857  0.000000  0.000000  0.000000  0.000000  0.000000  0.000000  0.000000  0.000000  0.000000  0.000000  0.000000  0.000000  0.154357  0.740786  0.000000  
0.994861  0.000000  0.000000  0.000000  0.000000  0.000000  0.000000  0.000000  0.000000  0.000000  0.000000  0.000000  0.000000  0.005139  0.000000  0.000000  
0.999299  0.000000  0.000000  0.000000  0.000000  0.000000  0.000000  0.000000  0.000000  0.000000  0.000000  0.000000  0.000000  0.000701  0.000000  0.000000  
0.990267  0.000000  0.000000  0.000000  0.000000  0.000000  0.000000  0.000000  0.000000  0.000000  0.000000  0.000000  0.000000  0.009733  0.000000  0.000000  
0.969015  0.000000  0.000000  0.000000  0.000000  0.000000  0.000000  0.000000  0.000000  0.000000  0.000000  0.000000  0.000000  0.030985  0.000000  0.000000  
0.698565  0.000000  0.000000  0.000000  0.000000  0.000000  0.000000  0.000000  0.000000  0.000000  0.000000  0.000000  0.000000  0.301435  0.000000  0.000000  
0.894500  0.000000  0.000000  0.000000  0.000000  0.000000  0.000000  0.000000  0.000000  0.000000  0.000000  0.000000  0.000000  0.105500  0.000000  0.000000  
0.940286  0.000000  0.000000  0.000000  0.000000  0.000000  0.000000  0.000000  0.000000  0.000000  0.000000  0.000000  0.000000  0.059714  0.000000  0.000000  
0.836144  0.000000  0.000000  0.000000  0.000000  0.000000  0.000000  0.000000  0.000000  0.000000  0.000000  0.000000  0.000000  0.163856  0.000000  0.000000  
0.415528  0.000000  0.000000  0.000000  0.000000  0.000000  0.000000  0.000000  0.000000  0.000000  0.000000  0.000000  0.000000  0.584472  0.000000  0.000000  
0.585974  0.000000  0.000000  0.000000  0.000000  0.000000  0.000000  0.000000  0.000000  0.000000  0.000000  0.000000  0.000000  0.410981  0.003045  0.000000  
0.236962  0.000000  0.000000  0.000000  0.000000  0.000000  0.000000  0.000000  0.000000  0.000000  0.000000  0.000000  0.000000  0.731300  0.031738  0.000000  
0.046610  0.000000  0.000000  0.000000  0.000000  0.000000  0.000000  0.000000  0.000000  0.000000  0.000000  0.000000  0.000000  0.755309  0.198081  0.000000  
1.000000  0.000000  0.000000  0.000000  0.000000  0.000000  0.000000  0.000000  0.000000  0.000000  0.000000  0.000000  0.000000  0.000000  0.000000  0.000000  
1.000000  0.000000  0.000000  0.000000  0.000000  0.000000  0.000000  0.000000  0.000000  0.000000  0.000000  0.000000  0.000000  0.000000  0.000000  0.000000  
0.000694  0.077028  0.922278  0.000000  0.000000  0.000000  0.000000  0.000000  0.000000  0.000000  0.000000  0.000000  0.000000  0.000000  0.000000  0.000000  
0.000000  0.095567  0.904433  0.000000  0.000000  0.000000  0.000000  0.000000  0.000000  0.000000  0.000000  0.000000  0.000000  0.000000  0.000000  0.000000  
0.003948  0.526848  0.469203  0.000000  0.000000  0.000000  0.000000  0.000000  0.000000  0.000000  0.000000  0.000000  0.000000  0.000000  0.000000  0.000000  
0.011894  0.432491  0.555615  0.000000  0.000000  0.000000  0.000000  0.000000  0.000000  0.000000  0.000000  0.000000  0.000000  0.000000  0.000000  0.000000  
1.000000  0.000000  0.000000  0.000000  0.000000  0.000000  0.000000  0.000000  0.000000  0.000000  0.000000  0.000000  0.000000  0.000000  0.000000  0.000000  
1.000000  0.000000  0.000000  0.000000  0.000000  0.000000  0.000000  0.000000  0.000000  0.000000  0.000000  0.000000  0.000000  0.000000  0.000000  0.000000  
1.000000  0.000000  0.000000  0.000000  0.000000  0.000000  0.000000  0.000000  0.000000  0.000000  0.000000  0.000000  0.000000  0.000000  0.000000  0.000000  
1.000000  0.000000  0.000000  0.000000  0.000000  0.000000  0.000000  0.000000  0.000000  0.000000  0.000000  0.000000  0.000000  0.000000  0.000000  0.000000  
1.000000  0.000000  0.000000  0.000000  0.000000  0.000000  0.000000  0.000000  0.000000  0.000000  0.000000  0.000000  0.000000  0.000000  0.000000  0.000000  
1.000000  0.000000  0.000000  0.000000  0.000000  0.000000  0.000000  0.000000  0.000000  0.000000  0.000000  0.000000  0.000000  0.000000  0.000000  0.000000  
0.000099  0.134121  0.865686  0.000095  0.000000  0.000000  0.000000  0.000000  0.000000  0.000000  0.000000  0.000000  0.000000  0.000000  0.000000  0.000000  
0.000519  0.117249  0.882185  0.000047  0.000000  0.000000  0.000000  0.000000  0.000000  0.000000  0.000000  0.000000  0.000000  0.000000  0.000000  0.000000  
0.011519  0.358609  0.629872  0.000000  0.000000  0.000000  0.000000  0.000000  0.000000  0.000000  0.000000  0.000000  0.000000  0.000000  0.000000  0.000000  
0.005652  0.469027  0.525321  0.000000  0.000000  0.000000  0.000000  0.000000  0.000000  0.000000  0.000000  0.000000  0.000000  0.000000  0.000000  0.000000  
0.895138  0.000727  0.000000  0.000000  0.000000  0.000000  0.000000  0.000000  0.000000  0.000000  0.000000  0.000000  0.000000  0.098943  0.005192  0.000000  
0.940827  0.000000  0.000000  0.000000  0.000000  0.000000  0.000000  0.000000  0.000000  0.000000  0.000000  0.000000  0.000000  0.059173  0.000000  0.000000  
0.657477  0.341908  0.000000  0.000000  0.000000  0.000000  0.000000  0.000000  0.000000  0.000000  0.000000  0.000000  0.000000  0.000616  0.000000  0.000000  
0.957501  0.032205  0.000000  0.000000  0.000000  0.000000  0.000000  0.000000  0.000000  0.000000  0.000000  0.000000  0.000000  0.010294  0.000000  0.000000  
0.905363  0.062877  0.000000  0.000000  0.000000  0.000000  0.000000  0.000000  0.000000  0.000000  0.000000  0.000000  0.000000  0.031170  0.000590  0.000000  
0.739665  0.249458  0.000000  0.000000  0.000000  0.000000  0.000000  0.000000  0.000000  0.000000  0.000000  0.000000  0.000000  0.010877  0.000000  0.000000  
0.999877  0.000000  0.000000  0.000000  0.000109  0.000000  0.000000  0.000000  0.000000  0.000000  0.000000  0.000000  0.000000  0.000014  0.000000  0.000000  
0.999860  0.000000  0.000000  0.000000  0.000000  0.000000  0.000000  0.000000  0.000000  0.000000  0.000000  0.000000  0.000000  0.000140  0.000000  0.000000  
0.990149  0.000000  0.000000  0.000000  0.000000  0.000000  0.000000  0.000000  0.000000  0.000000  0.000000  0.000000  0.000000  0.009851  0.000000  0.000000  
0.999651  0.000000  0.000000  0.000000  0.000069  0.000000  0.000000  0.000000  0.000000  0.000000  0.000000  0.000000  0.000000  0.000280  0.000000  0.000000  
1.000000  0.000000  0.000000  0.000000  0.000000  0.000000  0.000000  0.000000  0.000000  0.000000  0.000000  0.000000  0.000000  0.000000  0.000000  0.000000  
0.999897  0.000000  0.000000  0.000000  0.000000  0.000000  0.000000  0.000000  0.000000  0.000000  0.000103  0.000000  0.000000  0.000000  0.000000  0.000000  
1.000000  0.000000  0.000000  0.000000  0.000000  0.000000  0.000000  0.000000  0.000000  0.000000  0.000000  0.000000  0.000000  0.000000  0.000000  0.000000  
1.000000  0.000000  0.000000  0.000000  0.000000  0.000000  0.000000  0.000000  0.000000  0.000000  0.000000  0.000000  0.000000  0.000000  0.000000  0.000000  
0.860526  0.000000  0.000000  0.000000  0.100618  0.000000  0.000000  0.000000  0.000000  0.000000  0.038857  0.000000  0.000000  0.000000  0.000000  0.000000  
0.552605  0.000000  0.000000  0.000000  0.363312  0.000000  0.000000  0.000000  0.000000  0.000000  0.084082  0.000000  0.000000  0.000000  0.000000  0.000000  
0.485768  0.000000  0.000000  0.000000  0.102635  0.000000  0.000000  0.000000  0.000000  0.000000  0.409121  0.002476  0.000000  0.000000  0.000000  0.000000  
0.862589  0.000000  0.000000  0.000000  0.023268  0.000000  0.000000  0.000000  0.000000  0.000000  0.114041  0.000102  0.000000  0.000000  0.000000  0.000000  
1.000000  0.000000  0.000000  0.000000  0.000000  0.000000  0.000000  0.000000  0.000000  0.000000  0.000000  0.000000  0.000000  0.000000  0.000000  0.000000  
1.000000  0.000000  0.000000  0.000000  0.000000  0.000000  0.000000  0.000000  0.000000  0.000000  0.000000  0.000000  0.000000  0.000000  0.000000  0.000000  
0.997631  0.000000  0.000000  0.000000  0.000000  0.000000  0.000000  0.001585  0.000000  0.000000  0.000784  0.000000  0.000000  0.000000  0.000000  0.000000  
0.999648  0.000000  0.000000  0.000000  0.000000  0.000000  0.000000  0.000352  0.000000  0.000000  0.000000  0.000000  0.000000  0.000000  0.000000  0.000000  
0.954807  0.000000  0.000000  0.000000  0.000000  0.000000  0.000000  0.044385  0.000000  0.000000  0.000808  0.000000  0.000000  0.000000  0.000000  0.000000  
0.962259  0.000000  0.000000  0.000000  0.000000  0.000000  0.000000  0.028818  0.000000  0.000000  0.008924  0.000000  0.000000  0.000000  0.000000  0.000000  
1.000000  0.000000  0.000000  0.000000  0.000000  0.000000  0.000000  0.000000  0.000000  0.000000  0.000000  0.000000  0.000000  0.000000  0.000000  0.000000  
1.000000  0.000000  0.000000  0.000000  0.000000  0.000000  0.000000  0.000000  0.000000  0.000000  0.000000  0.000000  0.000000  0.000000  0.000000  0.000000  
0.000000  0.148308  0.851692  0.000000  0.000000  0.000000  0.000000  0.000000  0.000000  0.000000  0.000000  0.000000  0.000000  0.000000  0.000000  0.000000  
0.000000  0.528208  0.471792  0.000000  0.000000  0.000000  0.000000  0.000000  0.000000  0.000000  0.000000  0.000000  0.000000  0.000000  0.000000  0.000000  
0.382760  0.000000  0.000000  0.000000  0.000000  0.000000  0.000000  0.000000  0.000000  0.000000  0.000000  0.000000  0.000000  0.587843  0.029397  0.000000  
0.110274  0.000000  0.000000  0.000000  0.000000  0.000000  0.000000  0.000000  0.000000  0.000000  0.000000  0.000000  0.000000  0.719335  0.170392  0.000000  
0.685750  0.000000  0.000000  0.000000  0.000000  0.000000  0.000000  0.000000  0.000000  0.000000  0.000000  0.000000  0.000000  0.309822  0.004428  0.000000  
0.856835  0.000000  0.000000  0.000000  0.000000  0.000000  0.000000  0.000000  0.000000  0.000000  0.000000  0.000000  0.000000  0.143125  0.000040  0.000000  
0.948086  0.000000  0.000000  0.000000  0.000000  0.000000  0.000000  0.000000  0.000000  0.000000  0.000000  0.000000  0.000000  0.051914  0.000000  0.000000  
0.918100  0.081856  0.000000  0.000000  0.000044  0.000000  0.000000  0.000000  0.000000  0.000000  0.000000  0.000000  0.000000  0.000000  0.000000  0.000000  
0.961875  0.000000  0.000000  0.000000  0.000000  0.000000  0.000000  0.000000  0.000000  0.000000  0.000000  0.000000  0.000000  0.038125  0.000000  0.000000  
0.993947  0.000000  0.000000  0.000000  0.000000  0.000000  0.000000  0.000000  0.000000  0.000000  0.000000  0.000000  0.000000  0.006053  0.000000  0.000000  
1.000000  0.000000  0.000000  0.000000  0.000000  0.000000  0.000000  0.000000  0.000000  0.000000  0.000000  0.000000  0.000000  0.000000  0.000000  0.000000  
1.000000  0.000000  0.000000  0.000000  0.000000  0.000000  0.000000  0.000000  0.000000  0.000000  0.000000  0.000000  0.000000  0.000000  0.000000  0.000000  
1.000000  0.000000  0.000000  0.000000  0.000000  0.000000  0.000000  0.000000  0.000000  0.000000  0.000000  0.000000  0.000000  0.000000  0.000000  0.000000  
1.000000  0.000000  0.000000  0.000000  0.000000  0.000000  0.000000  0.000000  0.000000  0.000000  0.000000  0.000000  0.000000  0.000000  0.000000  0.000000  
0.998946  0.000000  0.000000  0.000000  0.000000  0.000000  0.000000  0.001054  0.000000  0.000000  0.000000  0.000000  0.000000  0.000000  0.000000  0.000000  
0.999463  0.000000  0.000000  0.000000  0.000000  0.000000  0.000000  0.000537  0.000000  0.000000  0.000000  0.000000  0.000000  0.000000  0.000000  0.000000  
0.983141  0.000000  0.000000  0.000000  0.000000  0.000000  0.000000  0.016859  0.000000  0.000000  0.000000  0.000000  0.000000  0.000000  0.000000  0.000000  
0.963882  0.000000  0.000000  0.000000  0.000000  0.000000  0.000000  0.036118  0.000000  0.000000  0.000000  0.000000  0.000000  0.000000  0.000000  0.000000  
0.094090  0.000000  0.000000  0.000000  0.000000  0.000000  0.000000  0.000000  0.000000  0.000000  0.000000  0.000000  0.000000  0.179112  0.726039  0.000759  
0.368363  0.000000  0.000000  0.000000  0.000000  0.000000  0.000000  0.000000  0.000000  0.000000  0.000000  0.000000  0.000000  0.364951  0.266439  0.000247  
1.000000  0.000000  0.000000  0.000000  0.000000  0.000000  0.000000  0.000000  0.000000  0.000000  0.000000  0.000000  0.000000  0.000000  0.000000  0.000000  
1.000000  0.000000  0.000000  0.000000  0.000000  0.000000  0.000000  0.000000  0.000000  0.000000  0.000000  0.000000  0.000000  0.000000  0.000000  0.000000  
1.000000  0.000000  0.000000  0.000000  0.000000  0.000000  0.000000  0.000000  0.000000  0.000000  0.000000  0.000000  0.000000  0.000000  0.000000  0.000000  
0.916443  0.000000  0.000000  0.000000  0.000000  0.000000  0.000000  0.000000  0.000000  0.000000  0.000000  0.000000  0.000000  0.083557  0.000000  0.000000  
0.932750  0.000000  0.000000  0.000000  0.000000  0.000000  0.000000  0.000000  0.000000  0.000000  0.000000  0.000000  0.000000  0.067250  0.000000  0.000000  
0.849156  0.000000  0.000000  0.000000  0.000000  0.000000  0.000000  0.000000  0.000000  0.000000  0.000000  0.000000  0.000000  0.150844  0.000000  0.000000  
0.819067  0.000000  0.000000  0.000000  0.000000  0.000000  0.000000  0.000000  0.000000  0.000000  0.000000  0.000000  0.000000  0.180933  0.000000  0.000000  
0.307916  0.000000  0.000000  0.000000  0.000000  0.000000  0.000000  0.000000  0.000000  0.000000  0.000000  0.000000  0.000000  0.692084  0.000000  0.000000  
0.393667  0.000000  0.000000  0.000000  0.000000  0.000000  0.000000  0.000000  0.000000  0.000000  0.000000  0.000000  0.000000  0.606333  0.000000  0.000000  
0.101970  0.000000  0.000000  0.000000  0.000000  0.000000  0.000000  0.000000  0.000000  0.000000  0.000000  0.000000  0.000000  0.897974  0.000057  0.000000  
0.958268  0.000000  0.000000  0.000000  0.000000  0.000000  0.000000  0.000000  0.000000  0.000000  0.000000  0.000000  0.000000  0.041732  0.000000  0.000000  
0.999024  0.000000  0.000000  0.000000  0.000000  0.000000  0.000000  0.000000  0.000000  0.000000  0.000000  0.000000  0.000000  0.000976  0.000000  0.000000  
0.992314  0.000000  0.000000  0.000000  0.000000  0.000000  0.000000  0.000000  0.000000  0.000000  0.000000  0.000000  0.000000  0.007686  0.000000  0.000000  
1.000000  0.000000  0.000000  0.000000  0.000000  0.000000  0.000000  0.000000  0.000000  0.000000  0.000000  0.000000  0.000000  0.000000  0.000000  0.000000  
1.000000  0.000000  0.000000  0.000000  0.000000  0.000000  0.000000  0.000000  0.000000  0.000000  0.000000  0.000000  0.000000  0.000000  0.000000  0.000000  
1.000000  0.000000  0.000000  0.000000  0.000000  0.000000  0.000000  0.000000  0.000000  0.000000  0.000000  0.000000  0.000000  0.000000  0.000000  0.000000  
0.987917  0.000000  0.000000  0.000000  0.000000  0.000000  0.000000  0.000000  0.000000  0.000000  0.000000  0.000000  0.000000  0.012083  0.000000  0.000000  
0.013039  0.000000  0.000000  0.000000  0.000000  0.000000  0.000000  0.000000  0.000000  0.000000  0.000000  0.000000  0.000000  0.497467  0.489378  0.000116  
0.002314  0.000000  0.000000  0.000000  0.000000  0.000000  0.000000  0.000000  0.000000  0.000000  0.000000  0.000000  0.000000  0.087063  0.910623  0.000000  
0.002046  0.000000  0.000000  0.000000  0.000000  0.000000  0.000000  0.000000  0.000000  0.000000  0.000000  0.000000  0.000000  0.090475  0.907479  0.000000  
0.015555  0.000000  0.000000  0.000000  0.000000  0.000000  0.000000  0.000000  0.000000  0.000000  0.000000  0.000000  0.000000  0.503917  0.480076  0.000452  
0.691095  0.260030  0.000164  0.000000  0.000000  0.000000  0.000000  0.000000  0.000000  0.000000  0.000000  0.000000  0.000000  0.047573  0.001139  0.000000  
0.698439  0.268199  0.000152  0.000000  0.000000  0.000000  0.000000  0.000000  0.000000  0.000000  0.000000  0.000000  0.000000  0.032790  0.000419  0.000000  
0.873568  0.038968  0.000000  0.000000  0.000000  0.000000  0.000000  0.000000  0.000000  0.000000  0.000000  0.000000  0.000000  0.079717  0.007748  0.000000  
1.000000  0.000000  0.000000  0.000000  0.000000  0.000000  0.000000  0.000000  0.000000  0.000000  0.000000  0.000000  0.000000  0.000000  0.000000  0.000000  
1.000000  0.000000  0.000000  0.000000  0.000000  0.000000  0.000000  0.000000  0.000000  0.000000  0.000000  0.000000  0.000000  0.000000  0.000000  0.000000  
0.579083  0.420243  0.000258  0.000000  0.000395  0.000000  0.000000  0.000000  0.000000  0.000000  0.000000  0.000000  0.000000  0.000021  0.000000  0.000000  
0.003545  0.863702  0.132753  0.000000  0.000000  0.000000  0.000000  0.000000  0.000000  0.000000  0.000000  0.000000  0.000000  0.000000  0.000000  0.000000  
0.013480  0.763127  0.223393  0.000000  0.000000  0.000000  0.000000  0.000000  0.000000  0.000000  0.000000  0.000000  0.000000  0.000000  0.000000  0.000000  
0.007108  0.982085  0.010806  0.000000  0.000000  0.000000  0.000000  0.000000  0.000000  0.000000  0.000000  0.000000  0.000000  0.000000  0.000000  0.000000  
0.001812  0.983369  0.014819  0.000000  0.000000  0.000000  0.000000  0.000000  0.000000  0.000000  0.000000  0.000000  0.000000  0.000000  0.000000  0.000000  
0.273665  0.644050  0.000232  0.000000  0.082053  0.000000  0.000000  0.000000  0.000000  0.000000  0.000000  0.000000  0.000000  0.000000  0.000000  0.000000  
0.201815  0.795982  0.000513  0.000000  0.001669  0.000000  0.000000  0.000000  0.000000  0.000000  0.000000  0.000000  0.000000  0.000021  0.000000  0.000000  
0.023901  0.973555  0.001947  0.000000  0.000596  0.000000  0.000000  0.000000  0.000000  0.000000  0.000000  0.000000  0.000000  0.000000  0.000000  0.000000  
0.018977  0.977265  0.001182  0.000000  0.002575  0.000000  0.000000  0.000000  0.000000  0.000000  0.000000  0.000000  0.000000  0.000000  0.000000  0.000000  
0.431489  0.000000  0.000000  0.000000  0.008359  0.000000  0.000000  0.000292  0.000000  0.000000  0.549123  0.010737  0.000000  0.000000  0.000000  0.000000  
0.809093  0.000000  0.000000  0.000000  0.001945  0.000000  0.000000  0.002114  0.000000  0.000000  0.186826  0.000023  0.000000  0.000000  0.000000  0.000000  
0.827926  0.067268  0.000172  0.000000  0.098676  0.000000  0.000000  0.000000  0.000000  0.000000  0.005720  0.000000  0.000000  0.000238  0.000000  0.000000  
0.788486  0.188496  0.000488  0.000000  0.009545  0.000000  0.000000  0.000000  0.000000  0.000000  0.000000  0.000000  0.000000  0.012805  0.000180  0.000000  
0.926963  0.011342  0.000000  0.000000  0.000226  0.000000  0.000000  0.000000  0.000000  0.000000  0.000000  0.000000  0.000000  0.057185  0.004284  0.000000  
1.000000  0.000000  0.000000  0.000000  0.000000  0.000000  0.000000  0.000000  0.000000  0.000000  0.000000  0.000000  0.000000  0.000000  0.000000  0.000000  
0.985400  0.000000  0.000000  0.000000  0.008584  0.000000  0.000000  0.000000  0.000000  0.000000  0.006016  0.000000  0.000000  0.000000  0.000000  0.000000  
0.979704  0.000000  0.000000  0.000000  0.002143  0.000000  0.000000  0.000000  0.000000  0.000000  0.018153  0.000000  0.000000  0.000000  0.000000  0.000000  
0.917665  0.077889  0.000000  0.000000  0.004446  0.000000  0.000000  0.000000  0.000000  0.000000  0.000000  0.000000  0.000000  0.000000  0.000000  0.000000  
0.651742  0.316696  0.000185  0.000000  0.031356  0.000000  0.000000  0.000000  0.000000  0.000000  0.000000  0.000000  0.000000  0.000021  0.000000  0.000000  
0.888822  0.027502  0.000000  0.000000  0.083280  0.000000  0.000000  0.000000  0.000000  0.000000  0.000396  0.000000  0.000000  0.000000  0.000000  0.000000  
0.988157  0.000432  0.000000  0.000000  0.011411  0.000000  0.000000  0.000000  0.000000  0.000000  0.000000  0.000000  0.000000  0.000000  0.000000  0.000000  
1.000000  0.000000  0.000000  0.000000  0.000000  0.000000  0.000000  0.000000  0.000000  0.000000  0.000000  0.000000  0.000000  0.000000  0.000000  0.000000  
1.000000  0.000000  0.000000  0.000000  0.000000  0.000000  0.000000  0.000000  0.000000  0.000000  0.000000  0.000000  0.000000  0.000000  0.000000  0.000000  
0.002102  0.089547  0.908352  0.000000  0.000000  0.000000  0.000000  0.000000  0.000000  0.000000  0.000000  0.000000  0.000000  0.000000  0.000000  0.000000  
0.015475  0.415889  0.568636  0.000000  0.000000  0.000000  0.000000  0.000000  0.000000  0.000000  0.000000  0.000000  0.000000  0.000000  0.000000  0.000000  
1.000000  0.000000  0.000000  0.000000  0.000000  0.000000  0.000000  0.000000  0.000000  0.000000  0.000000  0.000000  0.000000  0.000000  0.000000  0.000000  
0.903792  0.000040  0.000000  0.000000  0.000000  0.000000  0.000000  0.000000  0.000000  0.000000  0.000000  0.000000  0.000000  0.088788  0.007380  0.000000  
0.998362  0.000000  0.000000  0.000000  0.000000  0.000000  0.000000  0.000000  0.000000  0.000000  0.000000  0.000000  0.000000  0.001638  0.000000  0.000000  
0.705161  0.000000  0.000000  0.000000  0.000276  0.000000  0.000000  0.047598  0.000000  0.000000  0.246965  0.000000  0.000000  0.000000  0.000000  0.000000  
0.566140  0.000000  0.000000  0.000000  0.000000  0.000000  0.000000  0.242536  0.001316  0.000000  0.190008  0.000000  0.000000  0.000000  0.000000  0.000000  
0.367418  0.000000  0.000000  0.000000  0.000000  0.000000  0.000000  0.066574  0.000000  0.000000  0.564284  0.001724  0.000000  0.000000  0.000000  0.000000  
0.293024  0.000000  0.000000  0.000000  0.000203  0.000000  0.000000  0.017443  0.000000  0.000000  0.689243  0.000088  0.000000  0.000000  0.000000  0.000000  
0.000000  0.925412  0.074588  0.000000  0.000000  0.000000  0.000000  0.000000  0.000000  0.000000  0.000000  0.000000  0.000000  0.000000  0.000000  0.000000  
0.000202  0.910709  0.089089  0.000000  0.000000  0.000000  0.000000  0.000000  0.000000  0.000000  0.000000  0.000000  0.000000  0.000000  0.000000  0.000000  
0.000000  0.531068  0.468932  0.000000  0.000000  0.000000  0.000000  0.000000  0.000000  0.000000  0.000000  0.000000  0.000000  0.000000  0.000000  0.000000  
0.000000  0.513589  0.486411  0.000000  0.000000  0.000000  0.000000  0.000000  0.000000  0.000000  0.000000  0.000000  0.000000  0.000000  0.000000  0.000000  
0.213954  0.785973  0.000073  0.000000  0.000000  0.000000  0.000000  0.000000  0.000000  0.000000  0.000000  0.000000  0.000000  0.000000  0.000000  0.000000  
0.355100  0.642559  0.000571  0.000000  0.000000  0.000000  0.000000  0.000000  0.000000  0.000000  0.000000  0.000000  0.000000  0.001770  0.000000  0.000000  
0.050469  0.945919  0.003570  0.000000  0.000000  0.000000  0.000000  0.000000  0.000000  0.000000  0.000000  0.000000  0.000000  0.000042  0.000000  0.000000  
0.032232  0.967343  0.000424  0.000000  0.000000  0.000000  0.000000  0.000000  0.000000  0.000000  0.000000  0.000000  0.000000  0.000000  0.000000  0.000000  
0.267099  0.724098  0.002041  0.000000  0.000000  0.000000  0.000000  0.000000  0.000000  0.000000  0.000000  0.000000  0.000000  0.006762  0.000000  0.000000  
0.014727  0.978147  0.006579  0.000000  0.000000  0.000000  0.000000  0.000000  0.000000  0.000000  0.000000  0.000000  0.000000  0.000547  0.000000  0.000000  
0.000000  0.914355  0.085645  0.000000  0.000000  0.000000  0.000000  0.000000  0.000000  0.000000  0.000000  0.000000  0.000000  0.000000  0.000000  0.000000  
0.000017  0.859500  0.140483  0.000000  0.000000  0.000000  0.000000  0.000000  0.000000  0.000000  0.000000  0.000000  0.000000  0.000000  0.000000  0.000000  
0.025466  0.970166  0.003059  0.000000  0.001030  0.000000  0.000000  0.000000  0.000000  0.000000  0.000000  0.000000  0.000000  0.000279  0.000000  0.000000  
0.000188  0.999591  0.000221  0.000000  0.000000  0.000000  0.000000  0.000000  0.000000  0.000000  0.000000  0.000000  0.000000  0.000000  0.000000  0.000000  
1.000000  0.000000  0.000000  0.000000  0.000000  0.000000  0.000000  0.000000  0.000000  0.000000  0.000000  0.000000  0.000000  0.000000  0.000000  0.000000  
1.000000  0.000000  0.000000  0.000000  0.000000  0.000000  0.000000  0.000000  0.000000  0.000000  0.000000  0.000000  0.000000  0.000000  0.000000  0.000000  
0.999959  0.000000  0.000000  0.000000  0.000000  0.000000  0.000000  0.000000  0.000000  0.000000  0.000041  0.000000  0.000000  0.000000  0.000000  0.000000  
0.991132  0.000000  0.000000  0.000000  0.000000  0.000000  0.000000  0.001662  0.000000  0.000000  0.007207  0.000000  0.000000  0.000000  0.000000  0.000000  
0.908307  0.000000  0.000000  0.000000  0.000000  0.000000  0.000000  0.041753  0.000000  0.000000  0.049940  0.000000  0.000000  0.000000  0.000000  0.000000  
0.887493  0.000000  0.000000  0.000000  0.005798  0.000000  0.000000  0.003357  0.000000  0.000000  0.103351  0.000000  0.000000  0.000000  0.000000  0.000000  
1.000000  0.000000  0.000000  0.000000  0.000000  0.000000  0.000000  0.000000  0.000000  0.000000  0.000000  0.000000  0.000000  0.000000  0.000000  0.000000  
0.373712  0.096954  0.000300  0.000000  0.528969  0.000000  0.000000  0.000000  0.000000  0.000000  0.000000  0.000000  0.000000  0.000066  0.000000  0.000000  
0.458086  0.430938  0.001992  0.000000  0.108439  0.000000  0.000000  0.000000  0.000000  0.000000  0.000000  0.000000  0.000000  0.000544  0.000000  0.000000  
0.466674  0.051837  0.000165  0.000000  0.479424  0.000000  0.000000  0.000000  0.000000  0.000000  0.001867  0.000000  0.000000  0.000032  0.000000  0.000000  
0.999835  0.000000  0.000000  0.000000  0.000000  0.000000  0.000000  0.000000  0.000000  0.000000  0.000000  0.000000  0.000000  0.000165  0.000000  0.000000  
0.011094  0.836226  0.152680  0.000000  0.000000  0.000000  0.000000  0.000000  0.000000  0.000000  0.000000  0.000000  0.000000  0.000000  0.000000  0.000000  
0.978653  0.000000  0.000000  0.000000  0.000000  0.000000  0.000000  0.000000  0.000000  0.000000  0.000000  0.000000  0.000000  0.021347  0.000000  0.000000  
0.998433  0.000000  0.000000  0.000000  0.000000  0.000000  0.000000  0.000000  0.000000  0.000000  0.000000  0.000000  0.000000  0.001567  0.000000  0.000000  
0.992536  0.000000  0.000000  0.000000  0.000000  0.000000  0.000000  0.000000  0.000000  0.000000  0.000000  0.000000  0.000000  0.007464  0.000000  0.000000  
0.937536  0.000000  0.000000  0.000000  0.000000  0.000000  0.000000  0.000000  0.000000  0.000000  0.000000  0.000000  0.000000  0.062378  0.000085  0.000000  
0.001326  0.937841  0.060832  0.000000  0.000000  0.000000  0.000000  0.000000  0.000000  0.000000  0.000000  0.000000  0.000000  0.000000  0.000000  0.000000  
0.006963  0.860370  0.132667  0.000000  0.000000  0.000000  0.000000  0.000000  0.000000  0.000000  0.000000  0.000000  0.000000  0.000000  0.000000  0.000000  
0.798616  0.000000  0.000000  0.000000  0.000000  0.000000  0.000000  0.029828  0.000000  0.000000  0.171556  0.000000  0.000000  0.000000  0.000000  0.000000  
0.456901  0.000000  0.000000  0.000000  0.000000  0.000000  0.000000  0.022336  0.000000  0.000000  0.513003  0.007760  0.000000  0.000000  0.000000  0.000000  
0.280021  0.000000  0.000000  0.000000  0.000000  0.000000  0.000000  0.046621  0.000000  0.000000  0.662386  0.010972  0.000000  0.000000  0.000000  0.000000  
0.614066  0.000000  0.000000  0.000000  0.000000  0.000000  0.000000  0.125110  0.000914  0.000000  0.259733  0.000176  0.000000  0.000000  0.000000  0.000000  
1.000000  0.000000  0.000000  0.000000  0.000000  0.000000  0.000000  0.000000  0.000000  0.000000  0.000000  0.000000  0.000000  0.000000  0.000000  0.000000  
0.595697  0.000000  0.000000  0.000000  0.001590  0.000000  0.000000  0.399291  0.000000  0.000000  0.003422  0.000000  0.000000  0.000000  0.000000  0.000000  
0.693806  0.000000  0.000000  0.000000  0.000288  0.000000  0.000000  0.291850  0.000000  0.000000  0.014056  0.000000  0.000000  0.000000  0.000000  0.000000  
1.000000  0.000000  0.000000  0.000000  0.000000  0.000000  0.000000  0.000000  0.000000  0.000000  0.000000  0.000000  0.000000  0.000000  0.000000  0.000000  
1.000000  0.000000  0.000000  0.000000  0.000000  0.000000  0.000000  0.000000  0.000000  0.000000  0.000000  0.000000  0.000000  0.000000  0.000000  0.000000  
1.000000  0.000000  0.000000  0.000000  0.000000  0.000000  0.000000  0.000000  0.000000  0.000000  0.000000  0.000000  0.000000  0.000000  0.000000  0.000000  
0.811777  0.000000  0.000000  0.000000  0.067916  0.000000  0.000000  0.000000  0.000000  0.000000  0.120307  0.000000  0.000000  0.000000  0.000000  0.000000  
1.000000  0.000000  0.000000  0.000000  0.000000  0.000000  0.000000  0.000000  0.000000  0.000000  0.000000  0.000000  0.000000  0.000000  0.000000  0.000000  
1.000000  0.000000  0.000000  0.000000  0.000000  0.000000  0.000000  0.000000  0.000000  0.000000  0.000000  0.000000  0.000000  0.000000  0.000000  0.000000  
1.000000  0.000000  0.000000  0.000000  0.000000  0.000000  0.000000  0.000000  0.000000  0.000000  0.000000  0.000000  0.000000  0.000000  0.000000  0.000000  
1.000000  0.000000  0.000000  0.000000  0.000000  0.000000  0.000000  0.000000  0.000000  0.000000  0.000000  0.000000  0.000000  0.000000  0.000000  0.000000  
1.000000  0.000000  0.000000  0.000000  0.000000  0.000000  0.000000  0.000000  0.000000  0.000000  0.000000  0.000000  0.000000  0.000000  0.000000  0.000000  
0.000841  0.842363  0.156796  0.000000  0.000000  0.000000  0.000000  0.000000  0.000000  0.000000  0.000000  0.000000  0.000000  0.000000  0.000000  0.000000  
0.000000  0.429343  0.570657  0.000000  0.000000  0.000000  0.000000  0.000000  0.000000  0.000000  0.000000  0.000000  0.000000  0.000000  0.000000  0.000000  
1.000000  0.000000  0.000000  0.000000  0.000000  0.000000  0.000000  0.000000  0.000000  0.000000  0.000000  0.000000  0.000000  0.000000  0.000000  0.000000  
1.000000  0.000000  0.000000  0.000000  0.000000  0.000000  0.000000  0.000000  0.000000  0.000000  0.000000  0.000000  0.000000  0.000000  0.000000  0.000000  
0.999424  0.000000  0.000000  0.000000  0.000000  0.000000  0.000000  0.000000  0.000000  0.000000  0.000000  0.000000  0.000000  0.000576  0.000000  0.000000  
0.967578  0.000000  0.000000  0.000000  0.000000  0.000000  0.000000  0.000000  0.000000  0.000000  0.000000  0.000000  0.000000  0.032303  0.000119  0.000000  
0.998642  0.000000  0.000000  0.000000  0.000000  0.000000  0.000000  0.000000  0.000000  0.000000  0.000000  0.000000  0.000000  0.001358  0.000000  0.000000  
0.980885  0.000000  0.000000  0.000000  0.000000  0.000000  0.000000  0.000000  0.000000  0.000000  0.000000  0.000000  0.000000  0.019115  0.000000  0.000000  
0.866326  0.002145  0.000000  0.000000  0.099450  0.000000  0.000000  0.000000  0.000000  0.000000  0.032078  0.000000  0.000000  0.000000  0.000000  0.000000  
0.000000  0.000000  0.933636  0.066364  0.000000  0.000000  0.000000  0.000000  0.000000  0.000000  0.000000  0.000000  0.000000  0.000000  0.000000  0.000000  
0.000000  0.042345  0.957655  0.000000  0.000000  0.000000  0.000000  0.000000  0.000000  0.000000  0.000000  0.000000  0.000000  0.000000  0.000000  0.000000  
0.000000  0.084373  0.915418  0.000209  0.000000  0.000000  0.000000  0.000000  0.000000  0.000000  0.000000  0.000000  0.000000  0.000000  0.000000  0.000000  
0.000000  0.000137  0.935324  0.064539  0.000000  0.000000  0.000000  0.000000  0.000000  0.000000  0.000000  0.000000  0.000000  0.000000  0.000000  0.000000  
0.000000  0.445430  0.554570  0.000000  0.000000  0.000000  0.000000  0.000000  0.000000  0.000000  0.000000  0.000000  0.000000  0.000000  0.000000  0.000000  
0.000000  0.092255  0.907734  0.000010  0.000000  0.000000  0.000000  0.000000  0.000000  0.000000  0.000000  0.000000  0.000000  0.000000  0.000000  0.000000  
0.876213  0.000000  0.000000  0.000000  0.000000  0.000000  0.000000  0.000000  0.000000  0.000000  0.000000  0.000000  0.000000  0.117737  0.006050  0.000000  
0.526101  0.092033  0.000000  0.000000  0.381403  0.000000  0.000000  0.000000  0.000000  0.000000  0.000463  0.000000  0.000000  0.000000  0.000000  0.000000  
0.812234  0.000000  0.000000  0.000000  0.000000  0.000000  0.000000  0.000000  0.000000  0.000000  0.000000  0.000000  0.000000  0.182819  0.004947  0.000000  
0.690370  0.000000  0.000000  0.000000  0.000000  0.000000  0.000000  0.000000  0.000000  0.000000  0.000000  0.000000  0.000000  0.237002  0.072627  0.000000  
0.609879  0.000000  0.000000  0.000000  0.000000  0.000000  0.000000  0.000000  0.000000  0.000000  0.000000  0.000000  0.000000  0.345602  0.044519  0.000000  
0.799828  0.000000  0.000000  0.000000  0.000000  0.000000  0.000000  0.000000  0.000000  0.000000  0.000000  0.000000  0.000000  0.198096  0.002076  0.000000  
0.559929  0.000000  0.000000  0.000000  0.000000  0.000000  0.000000  0.000000  0.000000  0.000000  0.000000  0.000000  0.000000  0.423448  0.016624  0.000000  
0.975616  0.000000  0.000000  0.000000  0.000000  0.000000  0.000000  0.000000  0.000000  0.000000  0.000000  0.000000  0.000000  0.024384  0.000000  0.000000  
0.919485  0.000000  0.000000  0.000000  0.000000  0.000000  0.000000  0.000000  0.000000  0.000000  0.000000  0.000000  0.000000  0.080515  0.000000  0.000000  
0.299744  0.000000  0.000000  0.000000  0.000000  0.000000  0.000000  0.000000  0.000000  0.000000  0.000000  0.000000  0.000000  0.582596  0.117660  0.000000  
0.000000  0.001736  0.977557  0.020707  0.000000  0.000000  0.000000  0.000000  0.000000  0.000000  0.000000  0.000000  0.000000  0.000000  0.000000  0.000000  
0.000000  0.000867  0.962895  0.036238  0.000000  0.000000  0.000000  0.000000  0.000000  0.000000  0.000000  0.000000  0.000000  0.000000  0.000000  0.000000  
0.995346  0.000000  0.000000  0.000000  0.000000  0.000000  0.000000  0.000000  0.000000  0.000000  0.000000  0.000000  0.000000  0.004654  0.000000  0.000000  
0.055379  0.000000  0.000000  0.000000  0.000000  0.000000  0.000000  0.000000  0.000000  0.000000  0.000000  0.000000  0.000000  0.858840  0.085445  0.000335  
0.994923  0.000000  0.000000  0.000000  0.000000  0.000000  0.000000  0.000000  0.000000  0.000000  0.000000  0.000000  0.000000  0.005077  0.000000  0.000000  
0.981204  0.000000  0.000000  0.000000  0.000000  0.000000  0.000000  0.000000  0.000000  0.000000  0.000000  0.000000  0.000000  0.018796  0.000000  0.000000  
1.000000  0.000000  0.000000  0.000000  0.000000  0.000000  0.000000  0.000000  0.000000  0.000000  0.000000  0.000000  0.000000  0.000000  0.000000  0.000000  
0.999990  0.000000  0.000000  0.000000  0.000000  0.000000  0.000000  0.000000  0.000000  0.000000  0.000000  0.000000  0.000000  0.000010  0.000000  0.000000  
0.000019  0.002214  0.993521  0.004246  0.000000  0.000000  0.000000  0.000000  0.000000  0.000000  0.000000  0.000000  0.000000  0.000000  0.000000  0.000000  
0.316744  0.000000  0.000000  0.000000  0.527613  0.000000  0.000000  0.000000  0.000000  0.000000  0.155643  0.000000  0.000000  0.000000  0.000000  0.000000  
0.280149  0.000000  0.000000  0.000000  0.175801  0.000000  0.000000  0.000000  0.000000  0.000000  0.542876  0.001174  0.000000  0.000000  0.000000  0.000000  
