45  45
0.0321178  -0.0289894  0.0706593  -0.0478896  0.0197111  -0.00153399  0.0672246  -0.00439463  0.00138248  -0.0141508  0.010591  -0.0386043  0.0428755  -0.165032  0.288578  -0.107898  0.111757  0.0333035  0.134904  -0.375182  0.319897  -0.317275  0.0801811  -0.101618  0.111191  -0.285699  0.0949472  -0.134419  0.183849  -0.25727  0.449684  -0.151359  0.0116223  -0.0873488  0.0182372  -0.0249363  0.0973924  -0.00136429  0.0274111  -0.00923226  0.0338341  -0.00348917  0.0256571  -0.0273167  -0.00379358  
-0.045583  0.0209034  0.172416  -0.0104664  -0.0698016  0.10771  -0.0804778  -0.0391521  -0.00122935  -0.0865031  -0.0572463  0.254992  0.103313  0.173604  -0.63514  0.312198  0.313661  0.0819803  -0.114489  -0.170316  0.00760548  -0.135023  -0.0297711  0.205239  0.0431639  -0.00724315  -0.0172403  -0.0245383  -0.0546206  -0.207296  0.132803  -0.144034  0.115354  -0.00465088  0.0943007  -0.00728122  0.0361067  0.0410776  -0.0263067  -0.027604  -0.00923504  0.0171206  -0.0516894  0.000965809  -0.0162006  
0.0814418  -0.241398  -0.417987  -0.229406  -0.0995132  0.450949  -0.0923665  -0.450618  0.0464989  0.239601  0.0146917  0.0724367  0.400892  -0.00743191  0.0692125  -0.0194185  0.00921863  0.0394071  0.0427344  0.0802923  -0.120041  -0.0557148  0.0116606  -0.0123258  -0.0244135  -0.0509359  -0.0327578  -0.0407168  -0.0571705  -0.056088  0.0156527  0.0285253  0.0301116  -0.0625698  0.0228742  -0.00301883  -0.0397304  0.0277157  -0.0207177  0.044966  -0.00763602  -0.00649037  -0.0156742  -0.00614189  -0.017204  
0.0276197  -0.0635305  -0.0475156  -0.015821  -0.0300764  0.0173937  -0.000499748  -0.0241497  0.00136575  0.0626672  -0.106537  0.0112036  -0.049516  -0.0105899  -0.1707  -0.053908  0.247638  -0.00855265  0.0522919  -0.326009  0.133613  0.0526723  0.156216  -0.0412203  0.002014  -0.136691  -0.114339  -0.144415  0.0594586  0.194458  -0.301915  0.349248  -0.216947  -0.180367  -0.330402  -0.39936  0.0556904  -0.230251  0.0126246  -0.0698522  0.0351956  0.0132761  0.0692817  -0.0133965  0.0291626  
0.00174967  -0.0163428  -0.0369445  -0.0272503  -0.0195734  0.00670998  0.0284275  -0.012037  -0.00547503  0.0105426  -0.0188547  -0.0544942  0.0253289  -0.0421104  0.0347647  0.00748785  -0.0834458  0.0282078  -0.00835829  0.0908189  0.00286134  -0.0473924  -0.0621049  0.0626837  0.0303856  0.0378788  -0.0828689  -0.00431381  -0.0962362  0.0103094  -0.0218758  -0.197175  0.158463  0.173732  -0.184173  -0.0229203  0.468604  -0.394836  0.0784133  -0.453951  0.0928058  -0.0194227  -0.2715  -0.00634122  -0.380558  
0.281165  0.043347  -0.325191  -0.560656  -0.128265  -0.330487  0.441183  0.094284  -0.103877  -0.0449301  -0.303537  0.0164839  -0.0923068  -0.0975891  -0.14501  -0.0348371  0.0305251  0.0110552  -0.0343599  0.0219936  -0.000828119  0.0134381  -0.03856  0.0590224  0.00502157  0.0504384  -0.0100977  0.0174654  -0.0190478  -0.0581253  0.0471083  -0.0124652  -0.00123605  -0.00777849  0.045067  0.024643  -0.0359157  0.0365646  -0.00976425  0.0352688  -0.0138572  0.00232229  -0.0192829  5.86379e-05  -0.00892585  
0.00252587  0.0475739  -0.00378814  0.0606672  0.088682  -0.0479792  0.00568823  -0.000581018  0.0121394  0.0233042  0.0193877  0.0298112  0.0257483  0.0538286  0.124427  -0.0393021  -0.151024  0.0463739  -0.0765817  0.130225  0.0603113  -0.0520629  -0.202808  0.208236  0.0671933  0.369353  -0.0609347  0.0943458  -0.0351732  -0.522233  0.0237985  0.050181  0.0480764  -0.383145  -0.122689  -0.402369  -0.136366  -0.131685  0.0724571  -0.070356  0.0254426  0.0301017  0.0872993  0.0433076  0.093919  
0.0108292  -0.00975956  -0.0274485  -0.0486521  -0.0262594  0.0213845  0.0165081  -0.00959195  -0.00267051  -0.0177402  0.000857939  -0.00803542  0.0191315  -0.0170389  -0.00825957  0.0151433  -0.0356411  0.00421765  -0.00350644  0.040961  -0.0478966  -0.0703553  -0.0204573  0.0311929  -0.013609  -0.0282698  -0.00067385  -0.0231556  -0.0844462  0.109689  0.0197563  -0.151513  0.129499  0.14012  -0.0839466  0.0211162  0.271431  -0.0974473  0.00218786  -0.260835  -0.0558154  0.0975263  0.417478  0.144456  0.731629  
0.144884  0.268209  -0.0074246  -0.186818  0.166186  -0.259375  0.135644  -0.0930785  -0.00711973  -0.12299  0.528133  0.281782  0.2589  0.431387  0.207511  0.167644  0.0734616  0.030378  0.0730269  -0.0421074  -0.0604142  -0.0298215  0.0185475  -0.0725074  0.041863  -0.0539608  -0.0225076  -0.0062275  0.0401129  0.0872616  -0.0659269  0.0364616  -0.0428512  0.022501  -0.0401534  -0.0380815  0.0314192  -0.042628  0.00593883  -0.00979297  0.0033373  0.00558918  -0.0100225  0.00214597  -0.0144054  
-0.0123138  0.00202639  0.00860747  0.00254614  0.0742654  0.034586  0.0650296  -0.139738  0.0928563  0.108657  -0.0216653  0.0750639  -0.0010284  -0.050969  0.188204  -0.142972  0.274153  0.0859327  -0.0819069  -0.37267  0.148521  -0.0564524  0.0252517  0.273934  -0.212913  0.456244  0.0176471  0.432512  0.0790065  0.19837  -0.0839385  -0.123717  -0.0673173  0.0944581  0.0338933  0.16449  -0.024555  -0.00655199  0.0366919  -0.0267237  -0.0243184  0.00238087  -0.0183775  0.0320153  0.0104144  
-0.0520716  0.00411738  -0.0459175  -0.0282356  -0.0415935  0.10569  0.0693283  -0.0629452  -0.0212007  0.138602  -0.0481647  0.0129215  -0.012981  0.253199  -0.243658  0.130691  -0.384139  0.0290031  0.34746  0.0563463  0.601255  0.0519925  -0.127567  -0.153255  0.0829825  0.101721  0.0915652  0.178782  0.153268  0.11881  -0.00757833  -0.0697551  -0.0508459  0.0898933  -0.0485397  -0.0279098  0.00810765  0.0292583  0.100588  0.0503698  -0.0291634  -0.00846967  -0.00238363  -0.0617139  0.0363431  
0.288926  -0.33243  -0.471703  0.181084  0.0858777  -0.0743677  -0.26515  0.150434  0.094592  0.0808657  0.110574  0.088176  -0.442286  0.296152  0.0546058  0.0843037  0.157986  -0.0564145  -0.190918  0.029398  0.115564  0.00195015  -0.0117028  0.00629379  0.0524649  -0.0531158  0.0329179  0.0144624  0.0912289  -0.0721247  0.0678669  -0.0244367  0.0115063  0.0659622  0.0497171  0.0337385  0.0359508  -0.00413041  0.0153064  -0.0409291  0.00202688  0.00530998  0.00151499  0.00454684  0.00502363  
0.0479019  -0.0341328  0.00363663  0.0172738  -0.0138559  -0.0567519  -0.0535658  0.0634774  0.0179883  -0.0329776  -0.0379224  -0.00908902  -0.054797  0.0683189  0.0649733  -0.00239317  -0.0338975  0.263619  0.120416  -0.0901633  0.171257  -0.172985  0.0470206  -0.103389  -0.0162615  -0.0737825  -0.233504  0.129564  -0.380534  -0.0764956  -0.232981  0.156487  0.406974  -0.280133  -0.146738  0.354443  0.11191  0.0217546  -0.22733  0.180384  -0.0929576  0.0347796  -0.0219817  0.0192039  -0.00598785  
0.00864779  0.0199475  -0.00164041  -0.00689956  -0.00246763  -0.0012644  -0.0300435  -0.0159675  0.012682  -0.00453367  0.0104078  -0.014239  -0.00283163  -0.0117316  0.0117426  -0.00914377  -0.0697549  -0.0410298  -0.175857  0.0504737  -0.0705753  -0.07098  -0.0809192  0.115701  0.0087205  0.0473206  -0.0290746  -0.0474799  0.18856  0.0564836  0.0586631  -0.226261  -0.0971088  0.0222214  -0.398128  -0.0823315  0.201605  -0.00813054  -0.364072  0.392303  -0.194163  0.062186  -0.296699  -0.396408  0.198938  
0.304093  0.220467  0.102625  -0.137468  -0.188309  -0.304512  -0.629876  -0.0642724  0.280605  -0.0282527  -0.272339  -0.207279  0.212685  0.0744182  0.0319772  -0.0366351  0.0701563  -0.0169652  0.143491  0.0464616  0.0134237  -0.0356805  -0.0448846  -0.0282179  0.0147996  0.070639  0.00972923  0.0352212  0.0435156  0.0398922  0.0254991  -0.00207592  -0.0330786  0.0333495  0.0437685  -0.0404719  0.00527435  -0.000863802  0.0322251  -0.0145886  0.0121445  -0.0111979  -0.000700437  -0.0175078  0.00994677  
0.0195635  -0.00257551  0.00024181  0.00530009  0.0108075  -0.0373631  -0.0135813  -0.0151666  0.00591542  0.0335976  0.0109419  -0.0365133  0.0170772  -0.0381566  0.0232872  0.0592205  0.111854  0.0100623  0.029663  0.0115759  -0.00388219  0.169012  -0.0355773  0.101231  0.118056  -0.169434  -0.0803928  -0.0124243  -0.0949676  -0.0331514  -0.0431503  -0.27221  -0.0694967  -0.113524  -0.528702  0.269448  -0.302836  0.259503  0.438036  -0.196126  0.0125958  -0.110058  -0.0781779  -0.129335  0.0763704  
0.0108589  0.00465718  0.00865445  -0.018235  -0.0133515  0.00126749  -0.0298609  -0.00312125  0.0141231  0.0157605  -0.010986  -0.0114621  0.0180848  -0.000399194  -0.020952  0.0211262  -0.0252985  0.0121904  -0.0685773  0.0487856  -0.0124875  -0.0078056  -0.0743144  0.0544502  0.0360067  -0.0456291  -0.00951756  -0.0076854  0.122159  0.0353605  0.0283089  -0.21262  -0.102075  0.0315128  -0.337325  0.0360386  0.010594  0.0279899  -0.101361  0.227778  -0.111556  0.310591  0.37454  0.579392  -0.373812  
0.207368  0.199699  0.0186002  -0.0654006  -0.0030072  -0.0629545  -0.104607  -0.204683  0.053052  0.0966264  0.305285  -0.072036  0.00274766  -0.26404  -0.192723  -0.0273635  -0.355218  -0.0894934  -0.514719  -0.138454  0.272404  0.15056  0.282155  0.070475  -0.0260867  -0.115494  0.0332664  0.0198859  -0.0589546  -0.0703544  -0.0609711  0.017321  0.0602121  -0.0193418  0.0460184  0.047972  -0.00342248  -0.00682257  0.0134475  -0.0200668  0.0164223  -0.00174232  0.0106312  0.0191975  0.00302753  
-0.099409  0.0497522  -0.0775972  0.0317788  0.0349067  -0.0840343  -0.0876049  0.00331427  -0.07167  -0.0387958  -0.0895318  0.115462  0.009673  0.0137227  -0.0389101  -0.0822005  -0.146435  0.421117  0.00668652  0.0419423  -0.127709  0.107127  -0.0104379  0.0831101  -0.412642  -0.440446  -0.177084  0.357824  0.345384  -0.158395  0.0163867  0.0347973  -0.0400179  0.042657  0.0185845  -0.0806658  0.0577999  0.0138926  0.0585592  -0.0522493  -0.0158354  -0.0484072  0.00324026  -0.0113548  0.0222539  
-0.000481054  0.00903239  -0.128178  0.0869497  -0.0609983  0.0274191  0.14902  0.081857  -0.10587  -0.0370748  0.261729  -0.755937  0.187778  0.168594  -0.139266  -0.0718599  0.246646  0.264205  -0.0922061  0.0537624  0.0705  0.0348654  -0.0985697  0.094441  0.0584869  -0.0394254  0.0284053  0.063302  0.0290485  0.0745177  0.0504435  -0.00679817  0.0335409  -0.0501465  0.0836441  -0.0541992  -0.0150477  -0.0178114  -0.0150242  0.0188161  -0.0311225  0.00106756  0.0140378  -0.0168798  0.00168646  
0.493827  -0.330305  0.527514  -0.107747  0.30632  0.161899  0.221515  -0.145579  0.174478  0.047535  -0.0917102  -0.151136  -0.0980871  0.179885  -0.0198943  0.0102003  -0.0407012  0.0225812  -0.0018817  0.125073  -0.0758395  0.0150881  0.0447804  0.0032444  -0.137427  -0.0641865  -0.0113279  0.0361839  0.0439902  -0.0208103  0.0257813  0.0388306  -0.0389507  -0.0389194  -0.00957084  0.00955852  0.0364108  0.000109207  0.0176116  -0.0187721  0.00811412  0.00649665  0.0061392  -0.0164898  -0.000821225  
0.00796908  -0.0958865  0.075444  -0.0323079  0.0693118  -0.0853397  -0.0629485  -0.0592335  -0.0222765  0.113127  -0.0700466  0.129541  -0.06053  -0.0565131  0.116908  0.0376452  -0.118038  0.459267  0.0635512  -0.0356301  -0.0260579  0.226923  0.0709555  0.366917  0.440414  -0.0176796  0.015316  -0.225379  0.133089  0.288349  0.0225847  -0.0634912  0.217808  -0.0529747  0.167056  -0.0581041  -0.155004  -0.0940378  -0.0832754  -0.0255936  -0.0344093  0.0826666  0.0248112  -0.0622123  -0.01797  
0.0276457  0.0226499  0.00862085  0.00490063  -0.000921061  0.0357576  0.0112897  0.0018445  0.0310851  -0.0239402  -0.0172621  0.00833143  -0.00438766  0.00969935  -0.00510996  0.0142911  0.0321818  -0.158474  0.0703955  -0.00307409  0.018332  0.0992524  -0.0102657  -0.0127724  0.0340699  -0.166583  0.0211971  0.153303  -0.0647397  0.00156716  0.0585804  -0.177865  -0.043836  -0.0519234  0.0172638  0.0277484  -0.330289  -0.45225  -0.305351  -0.0755575  -0.394305  -0.494151  -0.0440242  0.199004  0.0425801  
0.251177  0.262108  -0.110843  0.343539  -0.271201  0.284775  0.293015  0.149197  0.400388  -0.198912  -0.222041  0.108666  0.140084  0.142689  0.104383  -0.0167982  -0.141246  0.104403  -0.195924  -0.184941  -0.0521281  0.113452  -0.131248  -0.0706331  0.0785719  -0.0368801  0.0166752  -0.0624911  0.0522378  0.0392571  -0.000367855  0.0320257  0.0200392  -0.00963234  0.000665783  0.0394705  -0.0102211  0.00747995  0.0212994  -0.0373452  0.0226948  0.00987454  -0.000565637  -0.00795108  -0.000385247  
0.0385249  0.000391377  0.0114631  0.0288449  -0.00843371  0.0250522  0.0545946  0.0120474  0.060873  0.0227353  -0.0193662  0.0084837  0.00410176  -0.0670109  0.138646  0.0829237  0.144759  -0.232198  0.136947  -0.0532511  0.0200475  0.383009  0.0144484  0.0857445  0.135736  -0.234249  -0.0360308  0.349923  -0.302942  -0.0103903  -0.0530324  -0.241568  0.140312  0.00109771  0.142676  -0.408588  0.245439  0.194558  0.0346466  0.21531  0.0210031  0.0447221  0.0242698  -0.0254842  -0.0303673  
-0.000756972  0.0376679  -0.0201345  0.00947956  -0.00336554  0.0203483  0.00421016  -0.0100373  0.00128955  -0.0369088  -0.00231351  -0.00107951  -0.00336441  0.00456084  -0.0219643  -0.00794326  0.0440251  -0.14742  0.0665394  0.00894484  0.0115213  0.0498959  -0.00199119  -0.0699591  -0.0909478  -0.130177  0.00392553  0.155337  -0.085197  -0.0229779  0.0508138  -0.0726254  -0.014679  -0.0285137  0.0597476  0.0924544  -0.32992  -0.313435  -0.114328  -0.17886  -0.0374117  0.686038  0.105005  -0.377232  -0.0649173  
0.21893  0.247871  -0.0871784  0.141284  -0.0982246  0.170434  0.0851634  0.0590069  0.163394  -0.0904427  0.206933  0.076647  -0.13714  -0.233969  -0.0927909  -0.0603777  0.155902  0.00520162  0.376885  0.408459  0.11084  -0.177347  0.378039  0.301761  -0.0797873  0.0371314  -0.109827  -0.0356492  0.0866992  0.0133662  0.0143449  0.00256453  0.00992559  0.0100952  -0.0247927  -0.0325477  -0.0221884  0.0254936  -0.015342  0.0240344  0.0134791  -0.00113179  -0.0101631  0.0141258  -0.00600885  
-0.0908161  0.0350883  -0.0393747  -0.019935  0.0250167  -0.0330934  -0.0233031  -0.0360222  0.127852  -0.0293871  -0.0220126  0.0909157  -0.0840964  0.0569425  -0.02306  -0.0790753  0.0650709  0.423154  -0.024387  0.127723  0.0465601  0.181519  0.222522  -0.209873  -0.197317  0.0956135  0.384014  -0.118582  -0.383161  -0.00364015  0.127756  -0.243423  -0.3444  -0.199683  -0.0043773  -0.0423285  0.119638  -0.0608437  -0.0251207  0.0322296  0.0308019  0.0013118  -0.00528964  -0.0103258  0.00105937  
-0.00561572  -0.0347611  -0.128232  0.0418773  -0.0464716  -0.0515048  -0.00651255  0.0681865  0.013122  0.0627845  0.0394194  -0.207141  -0.0488074  0.24718  -0.0626226  0.0528401  -0.377147  -0.154764  0.343605  -0.422841  -0.291096  0.0207409  0.198653  0.37268  -0.226116  0.0331589  0.0795147  -0.147568  -0.127003  -0.0851441  0.0730922  -0.0571854  -0.0600505  -0.0378059  -0.0223496  0.0499103  0.0157049  -0.00151362  -0.0178285  0.0304912  0.047507  0.00951781  -0.0176057  0.0316111  -0.0149157  
0.353925  -0.332244  -0.0716444  0.282874  0.180648  -0.146211  -0.0527681  0.273392  -0.239425  -0.170631  0.0598599  0.161291  0.479964  -0.273732  -0.161445  -0.112231  -0.091181  0.0622197  0.114302  -0.0742299  0.0450263  0.0401614  -0.0265881  -0.0525093  -0.0372626  0.112884  0.0480965  0.0129746  -0.0875332  0.0277794  -0.0166221  -0.0620003  -0.054542  0.105022  -0.0301838  -0.0311426  -0.0411856  -0.0195196  -0.00221161  0.0474439  0.00503629  0.00568204  -0.015322  -0.00160814  0.011186  
-0.0257097  0.00797671  0.0491902  -0.0230971  -0.0136149  0.0225406  0.0345909  -0.0362565  0.0258636  0.036026  -0.0497596  -0.0722145  -0.0220276  0.0585923  0.116934  0.00836506  0.047366  0.203065  0.00561547  -0.0417764  0.104039  0.0271743  0.0821445  0.0328386  0.098143  -0.0123966  -0.118699  -0.0993906  -0.206258  -0.393707  -0.178777  0.033821  -0.131475  0.702803  -0.0842668  -0.0499279  -0.203714  -0.0883342  -0.117909  0.135462  0.171437  -0.0245013  0.0287768  -0.0177108  0.0570034  
0.0178302  0.0171919  -0.00951513  -0.000388431  -0.00277275  0.0116703  -0.0134501  -0.00932579  -0.0461706  -0.0106115  -0.000196403  0.0271667  0.00756102  0.00411529  -0.0465606  0.011013  0.00720943  -0.0670386  -0.0150225  0.0475561  -0.0206601  0.0255481  -0.0791601  0.0501255  0.0320271  -0.0290186  0.00243857  0.119032  0.0604607  0.0845869  0.0527526  -0.100603  -0.00242063  -0.142202  -0.0824904  0.150757  -0.00219043  -0.160859  -0.237922  0.1117  0.720459  -0.289705  0.374825  -0.206639  -0.0773517  
0.322032  0.283306  0.105966  0.136179  -0.200161  0.192125  -0.0776913  -0.0210715  -0.723986  0.193822  -0.168437  0.040354  -0.0824753  0.168112  0.179833  0.0544712  0.043392  0.0235802  -0.0774096  0.0184481  -0.00147958  -0.0339362  0.0866465  0.00325267  -0.0780624  0.0125439  0.0600113  -0.0130324  -0.0725511  0.0405427  0.0329087  -0.0346536  -0.0116927  -0.0167548  -0.00829065  -0.0371562  8.56873e-05  0.0030209  0.0306723  -0.00305271  -0.0328025  -0.00394292  0.00100387  -0.00106712  -0.0116997  
0.00532298  0.0180684  0.0242688  0.0347806  -0.00698987  0.0165588  0.00307815  0.0049989  -0.0832233  0.0487745  -0.0214848  0.0048649  0.105811  -0.0185523  0.020205  0.0147518  0.0943337  -0.0743368  0.107708  0.0372534  0.0383667  0.353297  0.0388681  0.11872  0.284939  0.0353601  -0.0481224  0.0398392  0.162627  -0.324316  -0.074585  0.182703  -0.408367  -0.13375  0.112704  0.416405  0.355595  -0.00729298  -0.155005  -0.106523  -0.0872856  0.071566  0.000263958  0.020162  0.0594905  
0.00641976  0.00695807  0.0134662  -0.00787981  -0.00569556  0.0175166  -0.00940117  -0.00177366  -0.0239153  0.00749192  -0.00617798  -0.00683824  -0.00908945  -0.00466375  0.00142164  0.0068401  0.0264899  -0.0303232  0.0225343  0.017764  0.0205751  0.0534168  -0.040995  -0.0215557  0.0216276  -0.0949029  0.0238983  0.0650817  0.045746  0.0550246  0.0260235  -0.0287102  0.00196263  -0.0965278  0.0053308  0.0396498  -0.122872  -0.148193  -0.0313876  0.0991145  0.440666  0.241587  -0.580584  0.471828  0.313943  
0.237824  0.17403  0.00699723  -0.00744058  -0.030481  0.0903476  -0.0575213  -0.158138  0.00106434  0.112913  0.316405  0.000343753  -0.345019  -0.288675  -0.181305  -0.0800563  0.0159672  0.184709  0.257358  -0.234402  -0.252891  0.0590747  -0.482721  -0.214057  0.0585104  0.0635936  0.0259916  0.00346279  -0.0173386  -0.0743746  -0.0266487  -0.0187238  -0.0322595  0.0370009  0.0083124  -0.00554174  0.0286371  -0.00291743  -0.019782  0.00710901  -0.0195668  0.000538009  -0.0012753  -0.00900696  -0.000903559  
0.0130652  -0.0383817  0.00571531  -0.0284592  -0.0431166  0.00662751  -0.00948717  0.011653  -0.00853095  -0.0293493  0.0276501  -0.0250746  -0.0051917  -0.0104477  0.0426763  0.0637886  -0.0395082  0.030608  0.0184112  -0.0279222  0.0492788  0.0043104  0.017013  -0.0371301  -0.0156692  0.0260491  0.0610476  0.0811029  -0.0122353  0.0343524  0.0303165  0.0284686  -0.030127  0.0133925  -0.124184  -0.173701  -0.114402  0.509366  -0.591607  -0.526474  0.0820474  0.01281  -0.075209  0.0630286  -0.0457368  
-0.0264204  0.141664  -0.035396  -0.0550885  0.253351  0.106642  -0.0785608  -0.0827658  -0.0577625  -0.186055  -0.0678383  0.109585  -0.0283781  0.170916  -0.102641  -0.562956  0.00865592  -0.107049  0.00412887  0.0500241  0.0776183  -0.0187789  -0.203124  0.302693  0.112632  -0.196855  0.343551  0.0323865  -0.186885  0.0431184  0.0893417  0.257969  0.0655168  0.111275  -0.115018  0.0435651  0.0382869  0.0627916  -0.00311387  -0.00635755  -0.0224447  0.000756353  -0.0244764  0.00831527  -0.0274647  
-0.000274146  -0.199929  0.134564  -0.402895  -0.300074  0.325963  -0.212964  0.241802  -0.091643  -0.478433  0.219289  0.0445489  -0.0983478  0.0444542  0.128623  -0.0989806  -0.067033  0.0209429  -0.0345037  -0.0646822  0.146179  0.167257  -0.087025  0.0929744  -0.107638  0.0729093  -0.181206  -0.0786776  0.00162694  0.0310537  -0.030698  -0.0670435  -0.0795488  -0.0414338  0.0572189  -0.0163874  -0.0178298  -0.0194403  0.0579716  0.010032  0.000424331  -0.00373466  0.00685214  -0.00869517  -0.0065433  
0.0170961  -0.115133  0.0530694  -0.0785653  -0.206824  0.0387248  -0.0286579  0.13038  0.0411623  -0.0227975  0.0907029  -0.0033159  -0.0155946  -0.169266  0.0833242  0.393146  -0.0889548  0.116401  -0.0436185  0.0230209  -0.125742  -0.171577  0.028718  0.117704  0.177453  -0.0537431  0.31144  0.396659  -0.147937  0.0838597  0.241137  0.409387  -0.146726  0.074804  -0.186171  0.000636559  0.0127608  -0.0991383  0.107854  0.0494085  -0.0289385  0.00183159  -0.0021965  -0.024884  -0.00192756  
0.0209689  0.0603872  -0.197092  0.101142  0.285462  0.0440875  -0.0425227  -0.45126  -0.1467  -0.643062  -0.188912  -0.173442  -0.137065  -0.0902873  0.039039  0.290157  -0.044508  0.0144966  0.0426169  -0.0689345  -0.0170798  0.0169369  0.102294  -0.0614999  0.0746921  0.0955105  -0.0160341  0.0346564  0.0495329  0.00288678  -0.00565576  -0.00188115  -0.00540955  -0.00404903  -0.0180803  -0.00584192  0.00768622  -0.00386944  0.0295132  0.0233578  -0.00439301  -0.000811482  0.00359841  0.017899  -0.000168823  
-0.0225003  0.103521  -0.0417635  -0.0867733  0.17008  0.135956  -0.0690798  0.139709  -0.0143506  0.0520468  -0.00796729  -0.00609916  -0.0266867  0.131371  -0.161266  -0.255954  -0.076135  0.0393611  -0.0284153  -0.0797541  -0.204292  0.0605048  0.33432  -0.268885  0.302537  0.196986  -0.416956  0.228698  -0.0444438  0.0675494  0.415388  0.0262174  -0.0193596  0.0520537  -0.0876521  -0.0417707  -0.0137344  0.014456  0.0401382  -0.00806845  0.00953925  0.00428495  -0.00454587  0.016091  0.00918558  
0.0161201  -0.0552411  0.00403137  0.0174865  -0.0484696  -0.000213912  0.00272733  -0.00683078  -0.0180126  -0.0590099  -0.0127192  -0.00416262  -0.053481  0.0594681  -0.0490688  -0.158018  -0.179872  0.037345  -0.0620017  -0.00299115  -0.118272  -0.512679  0.0427398  0.0358461  0.333508  -0.165384  -0.0403007  0.180282  -0.0738468  0.0403445  -0.396745  -0.285235  -0.379399  -0.107874  0.228743  -0.0535918  -0.00823651  0.0586972  0.0457984  -0.0507687  0.0208096  0.0155177  -0.0167414  -0.0138405  -0.001455  
-0.0183116  -0.300058  0.131491  0.226154  -0.552289  -0.311864  0.138651  -0.417336  -0.0583223  -0.142685  0.108018  0.0892831  -0.0670176  0.132508  -0.060187  -0.291108  0.015094  -0.0420606  0.032946  0.0401295  -0.0675044  0.0760806  0.12637  -0.0714665  0.0819801  0.0609521  0.0201108  0.0883201  0.0551127  -0.0538936  0.0977427  0.0254749  0.108943  0.0315596  -0.0842082  -0.00657623  -0.00436928  -0.0105019  0.0176794  0.0134538  -0.00618893  -0.00146329  0.000650255  0.0113302  0.00371761  
0.000706793  0.0107156  0.00425346  -0.164144  0.0120896  0.155496  -0.0534586  0.188552  -0.0173229  -0.0387643  0.0103356  -0.0351921  0.0157628  0.0307393  -0.0408982  -0.0703259  0.0558882  0.00977056  0.052731  -0.0552344  -0.184794  0.0632377  0.304912  -0.201262  0.122646  0.0863374  0.490646  0.135887  0.339179  -0.234788  -0.344995  -0.114138  0.341424  0.009712  -0.125177  -0.00118626  -0.0146257  -0.0339295  0.0184227  0.000562772  0.00147376  0.00150854  0.00716031  -0.0233425  0.00120544  
